 ! Amplitude and phase info for MEM2CALT

 5 10 10
 715e-9 3.5
 12.2, 24.8, 37., 48.4, 73.4, 85.6, 110.4, 121.8, 134.0, 158.8
 10*0
 '2:3', '1:2', '1:3', '4:5', '3:4', '2:4', '1:4', '3:5', '2:5', '1:5'
'2:1:3', '2:6:7', '2:9:10', '3:5:7', '3:8:10', '7:4:10', '1:5:6', '6:4:9', '5:4:8', '1:8:9'

     0.0   0.870  0.860  0.806  0.709  0.432  0.357  0.203  0.137  0.085  0.039
           .09    .09    .08    .07    .04    .04    .02    .013    .009   .04
         1.49   -1.49  -53.79  -11.80  -67.82  -69.96  -10.18  -26.11  -13.13  -23.94
           5       5     30      5      30     30       5        5        5      5
    30.0   0.971  0.862  0.817  0.847  0.534  0.401  0.184  0.120  0.056  0.043
           .09    .09    .08    .07    .04    .04    .02    .013    .009   .04
        -0.76   -1.13 -161.85    0.01 -162.70  161.98    1.16   -7.55   -6.27   -1.18
           5       5     30      5      30     30       5        5        5      5
    60.0   0.929  0.814  0.738  0.684  0.476  0.368  0.179  0.123  0.065  0.065
           .09    .09    .08    .07    .04    .04    .02    .013    .009   .04
         1.87    7.12  120.43    0.27  123.34  122.40   -6.33   44.08   21.48   12.64
           5       5     30      5      30     30       5        5        5      5
    90.0   1.059  0.987  0.874  0.839  0.600  0.468  0.242  0.153  0.095  0.077
           .09    .09    .08    .07    .04    .04    .02    .013    .009   .04
         2.61   14.39   90.02    5.64   94.83  102.82   -5.13   45.75   22.66   16.51
           5       5     30      5      30     30       5        5        5      5
   120.0   0.965  0.833  0.741  0.890  0.561  0.419  0.183  0.150  0.103  0.098
           .09    .09    .08    .07    .04    .04    .02    .013    .009   .04
         0.29   13.04   57.29   11.43   83.57  115.58   -3.80   79.03   45.95   30.11
           5       5     30      5      30     30       5        5        5      5
   165.0   0.997  0.886  0.789  0.815  0.584  0.446  0.217  0.176  0.115  0.078
           .09    .09    .08    .07    .04    .04    .02    .013    .009   .04
         1.78   16.77   83.22   10.85   72.97  104.47   -5.96   45.96   32.73    9.24
           5       5     30      5      30     30       5        5        5      5
   135.0   0.888  0.904  0.801  0.840  0.560  0.437  0.230  0.164  0.123  0.127
           .09    .09    .08    .07    .04    .04    .02    .013    .009   .04
         1.61   13.20   48.74    8.36   76.96  106.96   -4.06   76.50   48.87   25.87
           5       5     30      5      30     30       5        5        5      5
   105.0   1.170  0.978  0.970  0.778  0.606  0.448  0.188  0.146  0.082  0.092
           .09    .09    .08    .07    .04    .04    .02    .013    .009   .04
         1.26   11.76   94.82    9.33  108.19  111.67   -1.51   58.84   27.62   36.82
           5       5     30      5      30     30       5        5        5      5
    75.0   0.940  0.868  0.786  0.752  0.534  0.404  0.196  0.120  0.074  0.062
           .09    .09    .08    .07    .04    .04    .02    .013    .009   .04
        -1.17   -0.53  130.71    3.10  109.65   99.95    1.17   29.37    6.87   21.89
           5       5     30      5      30     30       5        5        5      5
    45.0   0.967  0.887  0.807  0.799  0.566  0.429  0.199  0.131  0.057  0.040
           .09    .09    .08    .07    .04    .04    .02    .013    .009   .04
        -1.29    1.80  170.47    2.01  153.86  136.17   -0.99    0.60   -5.78   16.23
           5       5     30      5      30     30       5        5        5      5
    15.0   1.074  1.035  0.966  0.779  0.556  0.398  0.211  0.159  0.081  0.042
           .09    .09    .08    .07    .04    .04    .02    .013    .009   .04
         1.69   -0.98 -131.88   -5.46 -137.40 -158.27   -3.49  -27.00  -12.87  -23.58
           5       5     30      5      30     30       5        5        5      5
