numRemove d/r0 Vsq stdVsq fibrePspec stdFibrePspec couple stdCouple numIter pupilSize screenSize
  2   0.1000     0.9941   0.002696      0.165  0.0002832     0.8124   0.000989 100000   32 1024
  2   0.1123     0.9928   0.003251     0.1649  0.0003408     0.8121   0.001186 100000   32 1024
  2   0.1262     0.9914   0.003911     0.1647  0.0004138     0.8117   0.001433 100000   32 1024
  2   0.1418     0.9896   0.004817     0.1644  0.0005061     0.8111   0.001757 100000   32 1024
  2   0.1593     0.9874   0.005807      0.164  0.0006103     0.8102   0.002125 100000   32 1024
  2   0.1790     0.9848   0.006999     0.1636   0.000738     0.8092   0.002577 100000   32 1024
  2   0.2011     0.9816    0.00847     0.1631  0.0008944     0.8079   0.003131 100000   32 1024
  2   0.2259     0.9777    0.01021     0.1626   0.001072     0.8064   0.003767 100000   32 1024
  2   0.2538      0.973    0.01232     0.1618   0.001308     0.8046   0.004606 100000   32 1024
  2   0.2851     0.9673    0.01484      0.161   0.001573     0.8024   0.005523 100000   32 1024
  2   0.3203     0.9605    0.01782       0.16   0.001891     0.7999   0.006723 100000   32 1024
  2   0.3598     0.9524    0.02131     0.1587   0.002272     0.7967   0.008095 100000   32 1024
  2   0.4042     0.9424    0.02577     0.1572   0.002736      0.793    0.00978 100000   32 1024
  2   0.4541     0.9304    0.03092     0.1554   0.003279     0.7884    0.01176 100000   32 1024
  2   0.5102     0.9165    0.03647     0.1533   0.003911     0.7829    0.01413 100000   32 1024
  2   0.5732     0.8994    0.04371     0.1507   0.004669     0.7763    0.01703 100000   32 1024
  2   0.6440     0.8794     0.0516     0.1476   0.005552     0.7684    0.02034 100000   32 1024
  2   0.7235     0.8562    0.06066      0.144    0.00655     0.7589    0.02431 100000   32 1024
  2   0.8128     0.8289    0.07004     0.1397   0.007661     0.7474      0.029 100000   32 1024
  2   0.9131     0.7963    0.08196     0.1347   0.008969      0.734    0.03451 100000   32 1024
  2   1.0258     0.7595    0.09317     0.1289    0.01037     0.7181    0.04075 100000   32 1024
  2   1.1525     0.7172     0.1057     0.1222    0.01187     0.6991    0.04787 100000   32 1024
  2   1.2947     0.6684     0.1185     0.1145    0.01337     0.6768     0.0557 100000   32 1024
  2   1.4546     0.6161     0.1304      0.106    0.01493     0.6509    0.06481 100000   32 1024
  2   1.6341     0.5585     0.1403    0.09652    0.01627     0.6213    0.07407 100000   32 1024
  2   1.8359     0.4961     0.1487    0.08619    0.01756     0.5876    0.08366 100000   32 1024
  2   2.0625     0.4318     0.1531    0.07527    0.01831     0.5486    0.09375 100000   32 1024
  2   2.3171     0.3668     0.1531    0.06404    0.01866     0.5061     0.1032 100000   32 1024
  2   2.6031     0.3025     0.1476    0.05281    0.01836     0.4595     0.1112 100000   32 1024
  2   2.9245     0.2425     0.1379    0.04199    0.01739     0.4103     0.1175 100000   32 1024
  2   3.2855     0.1892     0.1252    0.03208    0.01586     0.3582     0.1213 100000   32 1024
  2   3.6911     0.1418     0.1068    0.02335    0.01365     0.3054     0.1216 100000   32 1024
  2   4.1468     0.1036    0.09061      0.016    0.01114      0.253      0.118 100000   32 1024
  2   4.6587     0.0737    0.06963     0.0105   0.008588     0.2046     0.1108 100000   32 1024
  2   5.2338    0.05112    0.05299   0.006407   0.006189     0.1605     0.1001 100000   32 1024
  2   5.8799    0.03565    0.03946   0.003686   0.004167     0.1214    0.08676 100000   36 1024
  2   6.6058    0.02432    0.02738    0.00195   0.002586    0.08843    0.07184 100000   40 1024
  2   7.4213    0.01728     0.0194   0.001019   0.001554     0.0637     0.0576 100000   45 1024
  2   8.3374    0.01252    0.01378  0.0004926  0.0008349    0.04445    0.04403 100000   51 1024
  2   9.3667   0.009275    0.01005  0.0002401  0.0004393    0.03109    0.03252 100000   57 1024
  2  10.5230   0.007025   0.007396   0.000118  0.0002301    0.02177    0.02382 100000   64 1024
  2  11.8221   0.005353   0.005625  5.953e-05   0.000116    0.01554    0.01704 100000   71 1024
  2  13.2815    0.00413   0.004283  3.238e-05  6.161e-05    0.01137    0.01233 100000   80 1024
  2  14.9211   0.003189   0.003312  1.749e-05   3.29e-05   0.008398   0.009017 100000   90 1024
  2  16.7631   0.002452   0.002542  1.007e-05  1.882e-05   0.006356   0.006747 100000  101 1024
  2  18.8325   0.001913   0.001961  5.851e-06  1.095e-05   0.004808   0.005067 100000  113 1024
  2  21.1573   0.001487   0.001523  3.387e-06  6.157e-06   0.003682   0.003848 100000  127 1024
  2  23.7692    0.00115   0.001177  1.978e-06  3.601e-06   0.002818   0.002949 100000  143 1024
  2  26.7035  0.0008942  0.0009074  1.174e-06  2.174e-06   0.002157   0.002248 100000  161 1024
  2  30.0000  0.0006967  0.0007073  6.927e-07  1.242e-06    0.00167    0.00173 100000  180 1024
  5   0.1000     0.9977  0.0009254     0.1655  0.0001068      0.813  0.0003697 100000   32 1024
  5   0.1123     0.9969   0.001113     0.1653  0.0001284     0.8128  0.0004473 100000   32 1024
  5   0.1262     0.9959   0.001357     0.1652  0.0001568     0.8127  0.0005436 100000   32 1024
  5   0.1418     0.9948   0.001641     0.1651  0.0001897     0.8126  0.0006635 100000   32 1024
  5   0.1593     0.9937   0.001999      0.165  0.0002302     0.8124  0.0007999 100000   32 1024
  5   0.1790     0.9925   0.002408     0.1648  0.0002797      0.812  0.0009754 100000   32 1024
  5   0.2011      0.991   0.002951     0.1645  0.0003381     0.8115   0.001179 100000   32 1024
  5   0.2259     0.9892   0.003563     0.1642  0.0004112     0.8108   0.001437 100000   32 1024
  5   0.2538      0.987   0.004291     0.1638  0.0004958     0.8097   0.001742 100000   32 1024
  5   0.2851     0.9842   0.005302     0.1634   0.000604     0.8085   0.002108 100000   32 1024
  5   0.3203     0.9807   0.006307     0.1629   0.000726     0.8071   0.002543 100000   32 1024
  5   0.3598     0.9766   0.007647     0.1622  0.0008825     0.8054   0.003096 100000   32 1024
  5   0.4042     0.9718    0.00922     0.1614   0.001066     0.8035   0.003759 100000   32 1024
  5   0.4541     0.9658    0.01111     0.1605   0.001283     0.8012   0.004513 100000   32 1024
  5   0.5102     0.9587    0.01354     0.1593   0.001545     0.7983   0.005442 100000   32 1024
  5   0.5732     0.9501    0.01598      0.158   0.001854     0.7949   0.006608 100000   32 1024
  5   0.6440     0.9398    0.01914     0.1563   0.002217     0.7908   0.007933 100000   32 1024
  5   0.7235     0.9275    0.02302     0.1543   0.002669     0.7857   0.009671 100000   32 1024
  5   0.8128     0.9125    0.02753     0.1519   0.003196     0.7795    0.01161 100000   32 1024
  5   0.9131     0.8951    0.03249     0.1491   0.003794     0.7724    0.01387 100000   32 1024
  5   1.0258     0.8742    0.03868     0.1458   0.004504     0.7636     0.0167 100000   32 1024
  5   1.1525     0.8494    0.04529     0.1418   0.005308     0.7531    0.01994 100000   32 1024
  5   1.2947     0.8205    0.05329     0.1371   0.006244     0.7406    0.02382 100000   32 1024
  5   1.4546     0.7865    0.06144     0.1317   0.007256     0.7257    0.02824 100000   32 1024
  5   1.6341     0.7483    0.07125     0.1254    0.00837     0.7081    0.03334 100000   32 1024
  5   1.8359     0.7034    0.08004      0.118   0.009551     0.6871    0.03921 100000   32 1024
  5   2.0625     0.6536    0.08955     0.1099    0.01074      0.663     0.0456 100000   32 1024
  5   2.3171     0.5976    0.09843     0.1006    0.01189     0.6342    0.05328 100000   32 1024
  5   2.6031     0.5368     0.1065    0.09057    0.01291     0.6018    0.06037 100000   32 1024
  5   2.9245     0.4725     0.1134    0.07973    0.01375     0.5649    0.06827 100000   32 1024
  5   3.2855     0.4052     0.1153    0.06828    0.01425     0.5223    0.07698 100000   32 1024
  5   3.6911     0.3366     0.1148    0.05673    0.01421     0.4769    0.08367 100000   32 1024
  5   4.1468     0.2704     0.1097    0.04532    0.01371     0.4253    0.09016 100000   32 1024
  5   4.6587     0.2102     0.1044    0.03476    0.01271     0.3727    0.09454 100000   32 1024
  5   5.2338     0.1546    0.08864     0.0251    0.01104     0.3171    0.09634 100000   32 1024
  5   5.8799     0.1096    0.07377    0.01721   0.009142     0.2624    0.09516 100000   36 1024
  5   6.6058    0.07248    0.05737     0.0108   0.006938     0.2076    0.09004 100000   40 1024
  5   7.4213    0.04634    0.04227   0.006294   0.004884     0.1585     0.0817 100000   45 1024
  5   8.3374    0.02849     0.0292   0.003328   0.003141     0.1152    0.07054 100000   51 1024
  5   9.3667    0.01754    0.01934   0.001618   0.001863    0.08031    0.05779 100000   57 1024
  5  10.5230    0.01115    0.01252  0.0007176  0.0009816    0.05379    0.04479 100000   64 1024
  5  11.8221   0.007462   0.008185  0.0002955  0.0004777    0.03437    0.03249 100000   71 1024
  5  13.2815   0.005273   0.005605  0.0001148  0.0002089    0.02136    0.02215 100000   80 1024
  5  14.9211   0.003867   0.003997  4.647e-05  9.051e-05    0.01368    0.01495 100000   90 1024
  5  16.7631   0.002911   0.002994  2.019e-05  3.954e-05   0.008999   0.009868 100000  101 1024
  5  18.8325    0.00221   0.002256  9.666e-06  1.852e-05   0.006202   0.006629 100000  113 1024
  5  21.1573   0.001709   0.001749  5.088e-06   9.47e-06    0.00453   0.004756 100000  127 1024
  5  23.7692   0.001316    0.00134  2.822e-06  5.162e-06   0.003356   0.003474 100000  143 1024
  5  26.7035   0.001005   0.001021  1.611e-06  2.931e-06   0.002537   0.002625 100000  161 1024
  5  30.0000  0.0007825  0.0007908  9.232e-07  1.656e-06   0.001923   0.001972 100000  180 1024
  9   0.1000     0.9991  0.0004486     0.1658  5.344e-05     0.8132   0.000186 100000   32 1024
  9   0.1123     0.9986  0.0005447     0.1657   6.49e-05     0.8131  0.0002247 100000   32 1024
  9   0.1262      0.998  0.0006687     0.1655  7.914e-05      0.813  0.0002751 100000   32 1024
  9   0.1418     0.9974   0.000802     0.1653  9.579e-05     0.8129  0.0003343 100000   32 1024
  9   0.1593     0.9965  0.0009772     0.1652  0.0001165     0.8127  0.0004061 100000   32 1024
  9   0.1790     0.9953   0.001184     0.1651  0.0001409     0.8126  0.0004899 100000   32 1024
  9   0.2011     0.9941    0.00143      0.165   0.000171     0.8125  0.0005963 100000   32 1024
  9   0.2259      0.993   0.001742     0.1649  0.0002072     0.8123  0.0007237 100000   32 1024
  9   0.2538     0.9918   0.002111     0.1646  0.0002519     0.8118  0.0008804 100000   32 1024
  9   0.2851     0.9903   0.002557     0.1643  0.0003043     0.8112   0.001068 100000   32 1024
  9   0.3203     0.9882   0.003144      0.164    0.00037     0.8102   0.001291 100000   32 1024
  9   0.3598     0.9856    0.00375     0.1636  0.0004479      0.809   0.001564 100000   32 1024
  9   0.4042     0.9825   0.004556     0.1631  0.0005418     0.8076   0.001896 100000   32 1024
  9   0.4541     0.9788   0.005501     0.1625  0.0006535     0.8061   0.002298 100000   32 1024
  9   0.5102     0.9743    0.00664     0.1618  0.0007932     0.8043   0.002783 100000   32 1024
  9   0.5732      0.969   0.007971     0.1609  0.0009515     0.8022   0.003365 100000   32 1024
  9   0.6440     0.9624   0.009641     0.1598   0.001148     0.7996   0.004052 100000   32 1024
  9   0.7235     0.9546    0.01156     0.1586   0.001382     0.7964   0.004919 100000   32 1024
  9   0.8128     0.9451    0.01404      0.157    0.00167     0.7925    0.00597 100000   32 1024
  9   0.9131     0.9339    0.01693     0.1552   0.001999     0.7879   0.007142 100000   32 1024
  9   1.0258     0.9204    0.01992      0.153   0.002381     0.7822   0.008611 100000   32 1024
  9   1.1525     0.9043    0.02365     0.1503   0.002846     0.7755    0.01037 100000   32 1024
  9   1.2947      0.885    0.02824     0.1472   0.003385     0.7673    0.01247 100000   32 1024
  9   1.4546     0.8622    0.03344     0.1435    0.00403     0.7575    0.01501 100000   32 1024
  9   1.6341     0.8353    0.03909     0.1391   0.004723     0.7459    0.01785 100000   32 1024
  9   1.8359     0.8039    0.04548     0.1339    0.00552     0.7318    0.02131 100000   32 1024
  9   2.0625     0.7676    0.05262      0.128    0.00637     0.7154    0.02529 100000   32 1024
  9   2.3171     0.7259    0.06034     0.1211   0.007302      0.696    0.02962 100000   32 1024
  9   2.6031     0.6781    0.06796     0.1132   0.008253     0.6729    0.03468 100000   32 1024
  9   2.9245     0.6247    0.07561     0.1043   0.009258      0.646    0.04041 100000   32 1024
  9   3.2855     0.5657    0.08312    0.09454    0.01012     0.6149     0.0466 100000   32 1024
  9   3.6911     0.5016    0.08828    0.08391    0.01086     0.5794    0.05292 100000   32 1024
  9   4.1468     0.4342    0.09221    0.07259    0.01143     0.5389    0.05974 100000   32 1024
  9   4.6587      0.366    0.09769    0.06095    0.01159     0.4935    0.06603 100000   32 1024
  9   5.2338     0.2969    0.09103    0.04937     0.0113     0.4446    0.07158 100000   32 1024
  9   5.8799     0.2323    0.08526    0.03831     0.0106     0.3916    0.07588 100000   36 1024
  9   6.6058     0.1717    0.07608    0.02801     0.0094     0.3345     0.0782 100000   40 1024
  9   7.4213     0.1203    0.06386    0.01926    0.00783     0.2775    0.07824 100000   45 1024
  9   8.3374    0.07947    0.05042    0.01233   0.006064     0.2223    0.07519 100000   51 1024
  9   9.3667    0.04942    0.03738   0.007193   0.004332     0.1696    0.06907 100000   57 1024
  9  10.5230    0.02894    0.02553    0.00383   0.002801     0.1238    0.06046 100000   64 1024
  9  11.8221    0.01635    0.01638   0.001821   0.001636     0.0853    0.04994 100000   71 1024
  9  13.2815   0.009309    0.01004  0.0007679  0.0008409    0.05538    0.03848 100000   80 1024
  9  14.9211   0.005569   0.006098  0.0002873  0.0003835    0.03395     0.0278 100000   90 1024
  9  16.7631    0.00365   0.003872  9.838e-05  0.0001589    0.01987    0.01877 100000  101 1024
  9  18.8325    0.00258   0.002669  3.265e-05   5.92e-05    0.01151      0.012 100000  113 1024
  9  21.1573   0.001929   0.001962  1.159e-05  2.231e-05   0.006821   0.007384 100000  127 1024
  9  23.7692   0.001456   0.001484  4.813e-06   9.09e-06   0.004376     0.0047 100000  143 1024
  9  26.7035   0.001103    0.00111  2.277e-06  4.154e-06   0.003017   0.003139 100000  161 1024
  9  30.0000  0.0008439  0.0008534  1.203e-06  2.137e-06     0.0022   0.002265 100000  180 1024
 14   0.1000     0.9995  0.0002598     0.1658   3.16e-05     0.8133  0.0001099 100000   32 1024
 14   0.1123     0.9994  0.0003155     0.1658  3.848e-05     0.8132   0.000134 100000   32 1024
 14   0.1262     0.9991  0.0003827     0.1658  4.663e-05     0.8132  0.0001618 100000   32 1024
 14   0.1418     0.9985  0.0004899     0.1657  5.704e-05     0.8131  0.0001976 100000   32 1024
 14   0.1593      0.998   0.000591     0.1655  6.913e-05      0.813  0.0002407 100000   32 1024
 14   0.1790     0.9974   0.000682     0.1653  8.306e-05     0.8129  0.0002888 100000   32 1024
 14   0.2011     0.9964  0.0008329     0.1652  0.0001012     0.8127  0.0003512 100000   32 1024
 14   0.2259     0.9951   0.001013     0.1651   0.000123     0.8126  0.0004284 100000   32 1024
 14   0.2538     0.9939   0.001224      0.165   0.000149     0.8125  0.0005179 100000   32 1024
 14   0.2851     0.9929   0.001481     0.1649   0.000181     0.8123  0.0006288 100000   32 1024
 14   0.3203     0.9918   0.001802     0.1646  0.0002184     0.8118  0.0007643 100000   32 1024
 14   0.3598     0.9903   0.002181     0.1642  0.0002653     0.8111  0.0009225 100000   32 1024
 14   0.4042      0.988   0.002629     0.1639  0.0003213       0.81   0.001125 100000   32 1024
 14   0.4541     0.9853   0.003188     0.1635  0.0003895     0.8088   0.001355 100000   32 1024
 14   0.5102     0.9822   0.003853      0.163    0.00047     0.8074   0.001645 100000   32 1024
 14   0.5732     0.9785   0.004661     0.1624  0.0005675     0.8058   0.001994 100000   32 1024
 14   0.6440     0.9739   0.005641     0.1616  0.0006915     0.8041   0.002431 100000   32 1024
 14   0.7235     0.9685   0.006806     0.1607  0.0008284     0.8019   0.002921 100000   32 1024
 14   0.8128     0.9618   0.008242     0.1596    0.00101     0.7991    0.00356 100000   32 1024
 14   0.9131     0.9538   0.009924     0.1583   0.001209     0.7958     0.0043 100000   32 1024
 14   1.0258     0.9443    0.01188     0.1568   0.001445     0.7919   0.005173 100000   32 1024
 14   1.1525     0.9328     0.0142     0.1549   0.001737     0.7871   0.006235 100000   32 1024
 14   1.2947      0.919    0.01695     0.1526   0.002072     0.7812   0.007512 100000   32 1024
 14   1.4546     0.9027    0.02021     0.1499   0.002469     0.7743   0.009029 100000   32 1024
 14   1.6341      0.883    0.02411     0.1467   0.002943      0.766    0.01085 100000   32 1024
 14   1.8359     0.8598    0.02844     0.1428    0.00348     0.7559    0.01296 100000   32 1024
 14   2.0625     0.8324    0.03345     0.1383   0.004094     0.7438    0.01552 100000   32 1024
 14   2.3171     0.8007    0.03878     0.1331   0.004758     0.7295    0.01847 100000   32 1024
 14   2.6031     0.7635    0.04486     0.1269   0.005524     0.7126    0.02186 100000   32 1024
 14   2.9245     0.7211    0.05126     0.1199   0.006315     0.6924    0.02575 100000   32 1024
 14   3.2855     0.6727    0.05857     0.1118   0.007144     0.6688    0.03015 100000   32 1024
 14   3.6911     0.6186     0.0644     0.1028   0.007981     0.6411     0.0351 100000   32 1024
 14   4.1468     0.5588    0.07029    0.09284   0.008705     0.6095    0.04037 100000   32 1024
 14   4.6587     0.4943    0.07535    0.08207   0.009333     0.5729    0.04579 100000   32 1024
 14   5.2338     0.4258     0.0786    0.07064    0.00974     0.5315    0.05172 100000   32 1024
 14   5.8799     0.3577     0.0816    0.05893    0.00981     0.4853    0.05687 100000   36 1024
 14   6.6058     0.2859    0.07629    0.04699    0.00947     0.4333    0.06146 100000   40 1024
 14   7.4213     0.2198    0.07088     0.0359    0.00874     0.3787    0.06492 100000   45 1024
 14   8.3374       0.16    0.06241    0.02583   0.007601     0.3214    0.06643 100000   51 1024
 14   9.3667     0.1103    0.05193    0.01747   0.006246     0.2643    0.06575 100000   57 1024
 14  10.5230    0.07041    0.04021    0.01086   0.004741     0.2083    0.06305 100000   64 1024
 14  11.8221    0.04221    0.02908   0.006187   0.003282     0.1572    0.05709 100000   71 1024
 14  13.2815    0.02354    0.01935   0.003154   0.002057     0.1123     0.0494 100000   80 1024
 14  14.9211    0.01236    0.01178   0.001408   0.001125      0.075    0.03979 100000   90 1024
 14  16.7631   0.006539   0.006859  0.0005563  0.0005519    0.04718    0.03004 100000  101 1024
 14  18.8325   0.003691   0.003964   0.000188  0.0002316     0.0275    0.02103 100000  113 1024
 14  21.1573   0.002339   0.002455  5.737e-05  8.646e-05    0.01513     0.0136 100000  127 1024
 14  23.7692   0.001648   0.001688  1.663e-05  2.982e-05   0.008147   0.008278 100000  143 1024
 14  26.7035    0.00121   0.001233   5.11e-06  9.621e-06   0.004502   0.004825 100000  161 1024
 14  30.0000  0.0009225   0.000928  1.922e-06  3.641e-06   0.002771   0.002936 100000  180 1024
 20   0.1000     0.9998  0.0001662     0.1659  2.055e-05     0.8133  7.129e-05 100000   32 1024
 20   0.1123     0.9996   0.000202     0.1659  2.501e-05     0.8133  8.675e-05 100000   32 1024
 20   0.1262     0.9995  0.0002447     0.1658  3.025e-05     0.8133   0.000105 100000   32 1024
 20   0.1418     0.9993  0.0002974     0.1658  3.673e-05     0.8132  0.0001274 100000   32 1024
 20   0.1593     0.9989  0.0004083     0.1658  4.515e-05     0.8132  0.0001554 100000   32 1024
 20   0.1790     0.9983  0.0004366     0.1656    5.4e-05     0.8131  0.0001879 100000   32 1024
 20   0.2011     0.9978  0.0005344     0.1654  6.579e-05      0.813  0.0002285 100000   32 1024
 20   0.2259      0.997  0.0006475     0.1652  7.985e-05     0.8128  0.0002784 100000   32 1024
 20   0.2538     0.9958  0.0007821     0.1651  9.662e-05     0.8126  0.0003374 100000   32 1024
 20   0.2851     0.9945  0.0009485     0.1651  0.0001174     0.8125  0.0004082 100000   32 1024
 20   0.3203     0.9934   0.001147      0.165  0.0001422     0.8124  0.0004958 100000   32 1024
 20   0.3598     0.9924   0.001397     0.1648  0.0001728     0.8121  0.0006009 100000   32 1024
 20   0.4042     0.9913   0.001691     0.1644    0.00021     0.8115  0.0007326 100000   32 1024
 20   0.4541     0.9894   0.002035     0.1641  0.0002516     0.8106  0.0008803 100000   32 1024
 20   0.5102     0.9868   0.002483     0.1638  0.0003072     0.8094   0.001069 100000   32 1024
 20   0.5732      0.984   0.003008     0.1633  0.0003717     0.8081   0.001301 100000   32 1024
 20   0.6440     0.9807   0.003636     0.1627  0.0004493     0.8066   0.001574 100000   32 1024
 20   0.7235     0.9766   0.004396      0.162  0.0005443      0.805   0.001917 100000   32 1024
 20   0.8128     0.9717   0.005313     0.1612  0.0006579     0.8031   0.002316 100000   32 1024
 20   0.9131     0.9657   0.006403     0.1602  0.0007919     0.8006     0.0028 100000   32 1024
 20   1.0258     0.9585   0.007718      0.159  0.0009597     0.7976   0.003401 100000   32 1024
 20   1.1525     0.9499    0.00986     0.1576   0.001152      0.794   0.004096 100000   32 1024
 20   1.2947     0.9395     0.0113     0.1559   0.001384     0.7896   0.004949 100000   32 1024
 20   1.4546      0.927    0.01344     0.1538   0.001654     0.7844   0.005945 100000   32 1024
 20   1.6341     0.9121    0.01702     0.1513   0.001984      0.778   0.007213 100000   32 1024
 20   1.8359     0.8943    0.01899     0.1484   0.002353     0.7704   0.008645 100000   32 1024
 20   2.0625     0.8734    0.02247     0.1449   0.002775     0.7613    0.01031 100000   32 1024
 20   2.3171     0.8484    0.02761     0.1408   0.003286     0.7504    0.01235 100000   32 1024
 20   2.6031     0.8191    0.03099     0.1359   0.003846     0.7372    0.01469 100000   32 1024
 20   2.9245     0.7849    0.03599     0.1302   0.004476     0.7216    0.01752 100000   32 1024
 20   3.2855     0.7454    0.04157     0.1236   0.005142     0.7031    0.02067 100000   32 1024
 20   3.6911     0.7004    0.04709     0.1161   0.005867     0.6814    0.02427 100000   32 1024
 20   4.1468     0.6491    0.05281     0.1075   0.006571     0.6558    0.02833 100000   32 1024
 20   4.6587     0.5919    0.05839    0.09802   0.007285     0.6262    0.03278 100000   32 1024
 20   5.2338       0.53    0.06335    0.08762   0.007865      0.592    0.03748 100000   32 1024
 20   5.8799      0.464    0.06674    0.07642   0.008311     0.5528    0.04241 100000   36 1024
 20   6.6058     0.3918    0.06848    0.06441   0.008546     0.5077    0.04718 100000   40 1024
 20   7.4213     0.3204    0.06736    0.05246   0.008364     0.4581    0.05146 100000   45 1024
 20   8.3374     0.2504    0.06402    0.04082   0.007899     0.4039    0.05512 100000   51 1024
 20   9.3667     0.1876    0.05782    0.03026   0.007073     0.3478     0.0572 100000   57 1024
 20  10.5230     0.1324     0.0495    0.02106   0.005968     0.2903    0.05771 100000   64 1024
 20  11.8221    0.08718    0.03961    0.01362   0.004697     0.2334    0.05619 100000   71 1024
 20  13.2815    0.05362    0.02962   0.008041   0.003384     0.1795    0.05233 100000   80 1024
 20  14.9211    0.02986    0.02017   0.004261   0.002193     0.1305    0.04603 100000   90 1024
 20  16.7631    0.01564    0.01273   0.001999   0.001268    0.08929    0.03834 100000  101 1024
 20  18.8325   0.007736   0.007352   0.000818  0.0006444    0.05722    0.02991 100000  113 1024
 20  21.1573     0.0039    0.00406  0.0002851  0.0002784    0.03368    0.02126 100000  127 1024
 20  23.7692   0.002175   0.002295  8.527e-05  0.0001043    0.01848    0.01414 100000  143 1024
 20  26.7035   0.001405   0.001442  2.249e-05  3.371e-05   0.009454   0.008483 100000  161 1024
 20  30.0000   0.001005   0.001018  5.871e-06  1.038e-05   0.004846   0.004918 100000  180 1024
