# uv coords for Mira obs: 5 minute sampling, 30 degrees min elevation
# Baselines: A1-B2 B2-C1 C1-D0 A1-D0 A1-C1 B2-D0

 -7.259   4.366    0.865  -9.353    1.717 -18.716   -4.677 -23.702   -6.394  -4.987    2.582 -28.069
 -7.419   4.369    0.724  -9.353    1.434 -18.716   -5.261 -23.700   -6.695  -4.984    2.158 -28.069
 -7.576   4.372    0.583  -9.353    1.150 -18.717   -5.843 -23.698   -6.993  -4.981    1.733 -28.070
 -7.729   4.375    0.441  -9.354    0.866 -18.717   -6.421 -23.696   -7.288  -4.979    1.307 -28.071
 -7.878   4.378    0.299  -9.354    0.582 -18.717   -6.997 -23.693   -7.579  -4.976    0.881 -28.071
 -8.024   4.381    0.157  -9.354    0.297 -18.718   -7.570 -23.690   -7.867  -4.973    0.454 -28.071
 -8.165   4.384    0.015  -9.354    0.012 -18.718   -8.138 -23.687   -8.150  -4.970    0.027 -28.072
 -8.303   4.388   -0.127  -9.354   -0.273 -18.718   -8.703 -23.684   -8.430  -4.966   -0.400 -28.071
 -8.437   4.391   -0.269  -9.354   -0.558 -18.717   -9.264 -23.680   -8.706  -4.963   -0.827 -28.071
 -8.567   4.394   -0.411  -9.354   -0.842 -18.717   -9.820 -23.677   -8.978  -4.960   -1.253 -28.071
 -8.693   4.398   -0.553  -9.354   -1.126 -18.717  -10.372 -23.673   -9.246  -4.956   -1.679 -28.070
 -8.815   4.401   -0.695  -9.353   -1.410 -18.716  -10.919 -23.669   -9.509  -4.952   -2.104 -28.070
 -8.932   4.404   -0.836  -9.353   -1.693 -18.716  -11.461 -23.664   -9.768  -4.949   -2.528 -28.069
 -9.045   4.408   -0.976  -9.353   -1.975 -18.715  -11.997 -23.660  -10.022  -4.945   -2.951 -28.068
 -9.154   4.411   -1.117  -9.352   -2.256 -18.714  -12.527 -23.655  -10.271  -4.941   -3.373 -28.066
 -9.259   4.415   -1.257  -9.352   -2.536 -18.713  -13.052 -23.650  -10.516  -4.937   -3.793 -28.065
 -9.359   4.419   -1.396  -9.351   -2.815 -18.712  -13.570 -23.645  -10.755  -4.933   -4.211 -28.063
 -9.455   4.422   -1.534  -9.351   -3.092 -18.711  -14.082 -23.639  -10.989  -4.928   -4.627 -28.062
 -9.546   4.426   -1.672  -9.350   -3.368 -18.710  -14.587 -23.634  -11.218  -4.924   -5.041 -28.060
 -9.633   4.430   -1.809  -9.349   -3.643 -18.708  -15.085 -23.628  -11.442  -4.920   -5.452 -28.058
 -9.715   4.433   -1.945  -9.349   -3.916 -18.707  -15.576 -23.622  -11.660  -4.915   -5.861 -28.056
 -9.792   4.437   -2.080  -9.348   -4.187 -18.705  -16.059 -23.616  -11.873  -4.911   -6.267 -28.053
 -9.865   4.441   -2.215  -9.347   -4.455 -18.704  -16.535 -23.610  -12.080  -4.906   -6.670 -28.051
 -9.933   4.445   -2.348  -9.346   -4.722 -18.702  -17.003 -23.603  -12.281  -4.901   -7.070 -28.048
 -9.997   4.449   -2.480  -9.345   -4.987 -18.700  -17.463 -23.596  -12.476  -4.896   -7.466 -28.045
-10.055   4.453   -2.611  -9.344   -5.249 -18.698  -17.915 -23.589  -12.666  -4.891   -7.859 -28.042
-10.109   4.457   -2.740  -9.343   -5.508 -18.696  -18.358 -23.582  -12.849  -4.887   -8.249 -28.039
-10.158   4.461   -2.869  -9.342   -5.765 -18.694  -18.792 -23.575  -13.027  -4.881   -8.634 -28.036
-10.202   4.465   -2.996  -9.341   -6.020 -18.691  -19.218 -23.568  -13.198  -4.876   -9.015 -28.032
-10.242   4.469   -3.121  -9.340   -6.271 -18.689  -19.634 -23.560  -13.363  -4.871   -9.392 -28.029
-10.276   4.473   -3.245  -9.339   -6.520 -18.686  -20.041 -23.552  -13.521  -4.866   -9.765 -28.025
-10.306   4.477   -3.368  -9.337   -6.765 -18.684  -20.438 -23.545  -13.673  -4.861  -10.132 -28.021
-10.330   4.481   -3.489  -9.336   -7.007 -18.681  -20.826 -23.537  -13.819  -4.855  -10.495 -28.017
-10.350   4.485   -3.608  -9.335   -7.246 -18.678  -21.204 -23.528  -13.958  -4.850  -10.853 -28.013
-10.365   4.489   -3.725  -9.333   -7.481 -18.676  -21.571 -23.520  -14.090  -4.844  -11.206 -28.009
-10.375   4.493   -3.841  -9.332   -7.713 -18.673  -21.929 -23.512  -14.216  -4.839  -11.554 -28.004
-10.380   4.497   -3.955  -9.330   -7.941 -18.670  -22.276 -23.503  -14.335  -4.833  -11.896 -28.000
-10.380   4.501   -4.067  -9.329   -8.165 -18.666  -22.612 -23.494  -14.447  -4.828  -12.232 -27.995
-10.375   4.505   -4.177  -9.327   -8.386 -18.663  -22.938 -23.485  -14.552  -4.822  -12.563 -27.990
-10.365   4.509   -4.285  -9.325   -8.602 -18.660  -23.252 -23.476  -14.650  -4.816  -12.887 -27.985
-10.350   4.513   -4.391  -9.324   -8.814 -18.657  -23.556 -23.467  -14.742  -4.811  -13.206 -27.980
-10.331   4.517   -4.495  -9.322   -9.022 -18.653  -23.848 -23.458  -14.826  -4.805  -13.518 -27.975
-10.306   4.521   -4.597  -9.320   -9.226 -18.650  -24.129 -23.449  -14.903  -4.799  -13.823 -27.970
-10.276   4.525   -4.697  -9.318   -9.426 -18.646  -24.399 -23.439  -14.973  -4.793  -14.122 -27.964
-10.242   4.529   -4.794  -9.316   -9.621 -18.642  -24.657 -23.430  -15.036  -4.788  -14.415 -27.959
-10.203   4.533   -4.889  -9.315   -9.811 -18.638  -24.903 -23.420  -15.092  -4.782  -14.700 -27.953
-10.159   4.537   -4.982  -9.313   -9.997 -18.635  -25.137 -23.410  -15.141  -4.776  -14.979 -27.947
-10.110   4.541   -5.073  -9.311  -10.178 -18.631  -25.360 -23.400  -15.182  -4.770  -15.250 -27.941
-10.056   4.545   -5.161  -9.309  -10.354 -18.627  -25.570 -23.391  -15.216  -4.764  -15.514 -27.935
 -9.997   4.549   -5.246  -9.307  -10.525 -18.623  -25.768 -23.381  -15.243  -4.758  -15.771 -27.929
 -9.934   4.553   -5.329  -9.305  -10.691 -18.618  -25.954 -23.371  -15.263  -4.752  -16.020 -27.923
 -9.866   4.556   -5.410  -9.303  -10.852 -18.614  -26.128 -23.360  -15.275  -4.746  -16.262 -27.917
 -9.793   4.560   -5.488  -9.300  -11.008 -18.610  -26.289 -23.350  -15.281  -4.740  -16.496 -27.910
 -9.716   4.564   -5.563  -9.298  -11.159 -18.606  -26.437 -23.340  -15.279  -4.734  -16.722 -27.904
 -9.633   4.568   -5.636  -9.296  -11.304 -18.601  -26.573 -23.330  -15.269  -4.728  -16.940 -27.897
 -9.547   4.571   -5.706  -9.294  -11.444 -18.597  -26.697 -23.319  -15.253  -4.722  -17.150 -27.891
 -9.456   4.575   -5.773  -9.292  -11.579 -18.592  -26.807 -23.309  -15.229  -4.716  -17.352 -27.884
 -9.360   4.579   -5.838  -9.289  -11.708 -18.588  -26.905 -23.298  -15.198  -4.711  -17.545 -27.877
 -9.260   4.582   -5.899  -9.287  -11.831 -18.583  -26.990 -23.288  -15.159  -4.705  -17.731 -27.870
 -9.155   4.586   -5.958  -9.285  -11.949 -18.579  -27.063 -23.277  -15.114  -4.699  -17.907 -27.863
 -9.046   4.590   -6.015  -9.282  -12.061 -18.574  -27.122 -23.267  -15.061  -4.693  -18.076 -27.856
 -8.933   4.593   -6.068  -9.280  -12.168 -18.569  -27.169 -23.256  -15.001  -4.687  -18.235 -27.849
 -8.816   4.597   -6.118  -9.278  -12.268 -18.564  -27.202 -23.246  -14.934  -4.681  -18.386 -27.842
 -8.694   4.600   -6.166  -9.275  -12.363 -18.560  -27.223 -23.235  -14.860  -4.675  -18.529 -27.835
 -8.568   4.603   -6.210  -9.273  -12.452 -18.555  -27.230 -23.224  -14.778  -4.670  -18.662 -27.828
 -8.438   4.607   -6.252  -9.270  -12.535 -18.550  -27.225 -23.214  -14.690  -4.664  -18.787 -27.820
 -8.304   4.610   -6.290  -9.268  -12.612 -18.545  -27.207 -23.203  -14.595  -4.658  -18.902 -27.813
 -8.167   4.613   -6.326  -9.266  -12.683 -18.540  -27.175 -23.193  -14.493  -4.652  -19.009 -27.806
 -8.025   4.616   -6.359  -9.263  -12.748 -18.535  -27.131 -23.182  -14.383  -4.647  -19.106 -27.798
 -7.879   4.619   -6.388  -9.261  -12.807 -18.530  -27.074 -23.172  -14.267  -4.641  -19.195 -27.791
 -7.730   4.622   -6.415  -9.258  -12.859 -18.525  -27.004 -23.161  -14.145  -4.636  -19.274 -27.783
 -7.577   4.625   -6.438  -9.256  -12.906 -18.520  -26.921 -23.151  -14.015  -4.630  -19.344 -27.776
 -7.420   4.628   -6.459  -9.253  -12.947 -18.515  -26.826 -23.140  -13.879  -4.625  -19.405 -27.768
 -7.260   4.631   -6.476  -9.251  -12.981 -18.510  -26.717 -23.130  -13.736  -4.619  -19.457 -27.761
 -7.097   4.634   -6.490  -9.248  -13.009 -18.505  -26.596 -23.119  -13.587  -4.614  -19.499 -27.753
 -6.930   4.637   -6.501  -9.246  -13.031 -18.500  -26.462 -23.109  -13.431  -4.609  -19.533 -27.746
 -6.760   4.639   -6.509  -9.243  -13.047 -18.495  -26.316 -23.099  -13.269  -4.604  -19.556 -27.738
 -6.586   4.642   -6.514  -9.240  -13.057 -18.490  -26.157 -23.088  -13.100  -4.599  -19.571 -27.730
 -6.409   4.644   -6.516  -9.238  -13.060 -18.485  -25.986 -23.078  -12.926  -4.594  -19.576 -27.723
 -6.230   4.647   -6.515  -9.235  -13.057 -18.480  -25.802 -23.068  -12.745  -4.589  -19.572 -27.715
 -6.047   4.649   -6.511  -9.233  -13.048 -18.475  -25.606 -23.058  -12.558  -4.584  -19.559 -27.708
 -5.862   4.652   -6.503  -9.230  -13.033 -18.470  -25.398 -23.048  -12.365  -4.579  -19.536 -27.700
 -5.673   4.654   -6.493  -9.228  -13.011 -18.464  -25.178 -23.038  -12.166  -4.574  -19.504 -27.692
 -5.482   4.656   -6.479  -9.225  -12.984 -18.459  -24.945 -23.029  -11.962  -4.569  -19.463 -27.685
 -5.289   4.658   -6.462  -9.223  -12.950 -18.454  -24.701 -23.019  -11.751  -4.565  -19.412 -27.677
 -5.093   4.660   -6.443  -9.220  -12.910 -18.449  -24.445 -23.009  -11.535  -4.560  -19.353 -27.670
 -4.894   4.662   -6.420  -9.218  -12.864 -18.444  -24.178 -23.000  -11.314  -4.556  -19.284 -27.662
 -4.693   4.664   -6.394  -9.215  -12.811 -18.439  -23.899 -22.991  -11.087  -4.551  -19.205 -27.655
 -4.490   4.666   -6.365  -9.213  -12.753 -18.434  -23.608 -22.981  -10.855  -4.547  -19.118 -27.647
 -4.285   4.667   -6.333  -9.210  -12.689 -18.429  -23.307 -22.972  -10.618  -4.543  -19.022 -27.640
 -4.078   4.669   -6.298  -9.208  -12.618 -18.424  -22.994 -22.963  -10.376  -4.539  -18.916 -27.632

