#        D       V  V^2D^2
# Separate element interferometer visbility by the method
# of Korff
# Sampling= 200 per r0
#
   0.0500  0.9946  0.0025
   0.1000  0.9787  0.0096
   0.1500  0.9583  0.0207
   0.2000  0.9342  0.0349
   0.2500  0.9073  0.0515
   0.3000  0.8785  0.0695
   0.3500  0.8486  0.0882
   0.4000  0.8181  0.1071
   0.4500  0.7876  0.1256
   0.5000  0.7574  0.1434
   0.5500  0.7280  0.1603
   0.6000  0.6995  0.1761
   0.6500  0.6721  0.1909
   0.7000  0.6459  0.2044
   0.7500  0.6210  0.2169
   0.8000  0.5974  0.2284
   0.8500  0.5750  0.2389
   0.9000  0.5539  0.2485
   0.9500  0.5340  0.2574
   1.0000  0.5152  0.2655
   1.0500  0.4975  0.2729
   1.1000  0.4809  0.2798
   1.1500  0.4651  0.2861
   1.2000  0.4503  0.2920
   1.2500  0.4363  0.2974
   1.3000  0.4231  0.3025
   1.3500  0.4106  0.3072
   1.4000  0.3987  0.3116
   1.4500  0.3875  0.3157
   1.5000  0.3769  0.3196
   1.5500  0.3668  0.3232
   1.6000  0.3572  0.3266
   1.6500  0.3481  0.3298
   1.7000  0.3394  0.3328
   1.7500  0.3311  0.3357
   1.8000  0.3232  0.3384
   1.8500  0.3156  0.3410
   1.9000  0.3084  0.3434
   1.9500  0.3015  0.3457
   2.0000  0.2949  0.3479
   2.0500  0.2886  0.3500
   2.1000  0.2825  0.3520
   2.1500  0.2767  0.3540
   2.2000  0.2711  0.3558
   2.2500  0.2658  0.3575
   2.3000  0.2606  0.3592
   2.3500  0.2556  0.3608
   2.4000  0.2508  0.3623
   2.4500  0.2462  0.3638
   2.5000  0.2417  0.3652
   2.5500  0.2374  0.3666
   2.6000  0.2333  0.3679
   2.6500  0.2293  0.3692
   2.7000  0.2254  0.3704
   2.7500  0.2217  0.3716
   2.8000  0.2180  0.3727
   2.8500  0.2145  0.3738
   2.9000  0.2111  0.3749
   2.9500  0.2078  0.3759
   3.0000  0.2046  0.3769
   3.0500  0.2015  0.3778
   3.1000  0.1985  0.3787
   3.1500  0.1956  0.3796
   3.2000  0.1928  0.3805
   3.2500  0.1900  0.3813
   3.3000  0.1873  0.3822
   3.3500  0.1847  0.3830
   3.4000  0.1822  0.3837
   3.4500  0.1797  0.3845
   3.5000  0.1773  0.3852
   3.5500  0.1750  0.3859
   3.6000  0.1727  0.3866
   3.6500  0.1705  0.3873
   3.7000  0.1683  0.3879
   3.7500  0.1662  0.3885
   3.8000  0.1642  0.3892
   3.8500  0.1622  0.3898
   3.9000  0.1602  0.3903
   3.9500  0.1583  0.3909
   4.0000  0.1564  0.3915
   4.0500  0.1546  0.3920
   4.1000  0.1528  0.3925
   4.1500  0.1511  0.3930
   4.2000  0.1494  0.3936
   4.2500  0.1477  0.3940
   4.3000  0.1461  0.3945
   4.3500  0.1445  0.3950
   4.4000  0.1429  0.3955
   4.4500  0.1414  0.3959
   4.5000  0.1399  0.3963
   4.5500  0.1384  0.3968
   4.6000  0.1370  0.3972
   4.6500  0.1356  0.3976
   4.7000  0.1342  0.3980
   4.7500  0.1329  0.3984
   4.8000  0.1316  0.3988
   4.8500  0.1303  0.3992
   4.9000  0.1290  0.3995
   4.9500  0.1278  0.3999
   5.0000  0.1265  0.4003
   5.0500  0.1253  0.4006
   5.1000  0.1242  0.4009
   5.1500  0.1230  0.4013
   5.2000  0.1219  0.4016
   5.2500  0.1208  0.4019
   5.3000  0.1197  0.4023
   5.3500  0.1186  0.4026
   5.4000  0.1175  0.4029
   5.4500  0.1165  0.4032
   5.5000  0.1155  0.4035
   5.5500  0.1145  0.4037
   5.6000  0.1135  0.4040
   5.6500  0.1125  0.4043
   5.7000  0.1116  0.4046
   5.7500  0.1107  0.4049
   5.8000  0.1097  0.4051
   5.8500  0.1088  0.4054
   5.9000  0.1079  0.4056
   5.9500  0.1071  0.4059
   6.0000  0.1062  0.4061
   6.0500  0.1054  0.4064
   6.1000  0.1045  0.4066
   6.1500  0.1037  0.4068
   6.2000  0.1029  0.4071
   6.2500  0.1021  0.4073
   6.3000  0.1013  0.4075
   6.3500  0.1006  0.4078
   6.4000  0.0998  0.4080
   6.4500  0.0991  0.4082
   6.5000  0.0983  0.4084
   6.5500  0.0976  0.4086
   6.6000  0.0969  0.4088
   6.6500  0.0962  0.4090
   6.7000  0.0955  0.4092
   6.7500  0.0948  0.4094
   6.8000  0.0941  0.4096
   6.8500  0.0935  0.4098
   6.9000  0.0928  0.4100
   6.9500  0.0921  0.4101
   7.0000  0.0915  0.4103
   7.0500  0.0909  0.4105
   7.1000  0.0903  0.4107
   7.1500  0.0896  0.4109
   7.2000  0.0890  0.4110
   7.2500  0.0884  0.4112
   7.3000  0.0879  0.4114
   7.3500  0.0873  0.4115
   7.4000  0.0867  0.4117
   7.4500  0.0861  0.4119
   7.5000  0.0856  0.4120
   7.5500  0.0850  0.4122
   7.6000  0.0845  0.4123
   7.6500  0.0840  0.4125
   7.7000  0.0834  0.4126
   7.7500  0.0829  0.4128
   7.8000  0.0824  0.4129
   7.8500  0.0819  0.4131
   7.9000  0.0814  0.4132
   7.9500  0.0809  0.4133
   8.0000  0.0804  0.4135
   8.0500  0.0799  0.4136
   8.1000  0.0794  0.4138
   8.1500  0.0789  0.4139
   8.2000  0.0785  0.4140
   8.2500  0.0780  0.4142
   8.3000  0.0775  0.4143
   8.3500  0.0771  0.4144
   8.4000  0.0766  0.4145
   8.4500  0.0762  0.4147
   8.5000  0.0758  0.4148
   8.5500  0.0753  0.4149
   8.6000  0.0749  0.4150
   8.6500  0.0745  0.4151
   8.7000  0.0741  0.4153
   8.7500  0.0737  0.4154
   8.8000  0.0732  0.4155
   8.8500  0.0728  0.4156
   8.9000  0.0724  0.4157
   8.9500  0.0720  0.4158
   9.0000  0.0717  0.4159
   9.0500  0.0713  0.4160
   9.1000  0.0709  0.4162
   9.1500  0.0705  0.4163
   9.2000  0.0701  0.4164
   9.2500  0.0698  0.4165
   9.3000  0.0694  0.4166
   9.3500  0.0690  0.4167
   9.4000  0.0687  0.4168
   9.4500  0.0683  0.4169
   9.5000  0.0680  0.4170
   9.5500  0.0676  0.4171
   9.6000  0.0673  0.4172
   9.6500  0.0669  0.4173
   9.7000  0.0666  0.4174
   9.7500  0.0663  0.4174
   9.8000  0.0659  0.4175
   9.8500  0.0656  0.4176
   9.9000  0.0653  0.4177
   9.9500  0.0650  0.4178
  10.0000  0.0646  0.4179
  10.0500  0.0643  0.4180
  10.1000  0.0640  0.4181
  10.1500  0.0637  0.4182
  10.2000  0.0634  0.4182
  10.2500  0.0631  0.4183
  10.3000  0.0628  0.4184
  10.3500  0.0625  0.4185
  10.4000  0.0622  0.4186
  10.4500  0.0619  0.4187
  10.5000  0.0616  0.4187
  10.5500  0.0613  0.4188
  10.6000  0.0611  0.4189
  10.6500  0.0608  0.4190
  10.7000  0.0605  0.4191
  10.7500  0.0602  0.4191
  10.8000  0.0600  0.4192
  10.8500  0.0597  0.4193
  10.9000  0.0594  0.4194
  10.9500  0.0591  0.4194
  11.0000  0.0589  0.4195
  11.0500  0.0586  0.4196
  11.1000  0.0584  0.4196
  11.1500  0.0581  0.4197
  11.2000  0.0578  0.4198
  11.2500  0.0576  0.4199
  11.3000  0.0573  0.4199
  11.3500  0.0571  0.4200
  11.4000  0.0569  0.4201
  11.4500  0.0566  0.4201
  11.5000  0.0564  0.4202
  11.5500  0.0561  0.4203
  11.6000  0.0559  0.4203
  11.6500  0.0557  0.4204
  11.7000  0.0554  0.4205
  11.7500  0.0552  0.4205
  11.8000  0.0550  0.4206
  11.8500  0.0547  0.4207
  11.9000  0.0545  0.4207
  11.9500  0.0543  0.4208
  12.0000  0.0541  0.4208
  12.0500  0.0538  0.4209
  12.1000  0.0536  0.4210
  12.1500  0.0534  0.4210
  12.2000  0.0532  0.4211
  12.2500  0.0530  0.4211
  12.3000  0.0528  0.4212
  12.3500  0.0526  0.4213
  12.4000  0.0523  0.4213
  12.4500  0.0521  0.4214
  12.5000  0.0519  0.4214
  12.5500  0.0517  0.4215
  12.6000  0.0515  0.4215
  12.6500  0.0513  0.4216
  12.7000  0.0511  0.4217
  12.7500  0.0509  0.4217
  12.8000  0.0507  0.4218
  12.8500  0.0505  0.4218
  12.9000  0.0503  0.4219
  12.9500  0.0502  0.4219
  13.0000  0.0500  0.4220
  13.0500  0.0498  0.4220
  13.1000  0.0496  0.4221
  13.1500  0.0494  0.4221
  13.2000  0.0492  0.4222
  13.2500  0.0490  0.4222
  13.3000  0.0489  0.4223
  13.3500  0.0487  0.4223
  13.4000  0.0485  0.4224
  13.4500  0.0483  0.4224
  13.5000  0.0481  0.4225
  13.5500  0.0480  0.4225
  13.6000  0.0478  0.4226
  13.6500  0.0476  0.4226
  13.7000  0.0475  0.4227
  13.7500  0.0473  0.4227
  13.8000  0.0471  0.4228
  13.8500  0.0469  0.4228
  13.9000  0.0468  0.4229
  13.9500  0.0466  0.4229
  14.0000  0.0465  0.4229
  14.0500  0.0463  0.4230
  14.1000  0.0461  0.4230
  14.1500  0.0460  0.4231
  14.2000  0.0458  0.4231
  14.2500  0.0457  0.4232
  14.3000  0.0455  0.4232
  14.3500  0.0453  0.4233
  14.4000  0.0452  0.4233
  14.4500  0.0450  0.4233
  14.5000  0.0449  0.4234
  14.5500  0.0447  0.4234
  14.6000  0.0446  0.4235
  14.6500  0.0444  0.4235
  14.7000  0.0443  0.4235
  14.7500  0.0441  0.4236
  14.8000  0.0440  0.4236
  14.8500  0.0438  0.4237
  14.9000  0.0437  0.4237
  14.9500  0.0435  0.4237
  15.0000  0.0434  0.4238
