numRemove d/r0 Vsq stdVsq meanCouple stdCouple numIter pupilSize screenSize
  2   0.1000     0.9942   0.002697     0.8125  0.0009893 10000   32 1024
  2   0.1274     0.9913   0.003993     0.8115   0.001453 10000   32 1024
  2   0.1624      0.987   0.006019     0.8098   0.002233 10000   32 1024
  2   0.2069     0.9808   0.008786     0.8075    0.00335 10000   32 1024
  2   0.2637     0.9713    0.01308      0.804   0.004897 10000   32 1024
  2   0.3360     0.9574    0.01889     0.7985   0.007403 10000   32 1024
  2   0.4281     0.9366    0.02833     0.7908    0.01098 10000   32 1024
  2   0.5456     0.9076    0.04053     0.7793    0.01576 10000   32 1024
  2   0.6952      0.864    0.05772     0.7621    0.02333 10000   32 1024
  2   0.8859     0.8068    0.08129      0.738     0.0326 10000   32 1024
  2   1.1288     0.7246     0.1038     0.7026    0.04652 10000   32 1024
  2   1.4384     0.6221     0.1294     0.6536    0.06358 10000   32 1024
  2   1.8330     0.4983     0.1488     0.5881    0.08336 10000   32 1024
  2   2.3357     0.3604     0.1514     0.5022     0.1034 10000   32 1024
  2   2.9764     0.2384     0.1378     0.4061     0.1189 10000   32 1024
  2   3.7927     0.1333     0.1031     0.2934     0.1207 10000   32 1024
  2   4.8329    0.06479    0.06376     0.1867      0.108 10000   32 1024
  2   6.1585    0.03025     0.0335     0.1071    0.08151 10000   32 1024
  2   7.8476    0.01502    0.01682    0.05333    0.05162 10000   32 1024
  2  10.0000     0.0083   0.008751    0.02638    0.02807 10000   32 1024
  5   0.1000     0.9972  0.0009184     0.8136  0.0003695 10000   32 1024
  5   0.1274     0.9958   0.001376      0.813  0.0005552 10000   32 1024
  5   0.1624     0.9937   0.002087     0.8122  0.0008317 10000   32 1024
  5   0.2069     0.9907   0.003715     0.8111   0.001236 10000   32 1024
  5   0.2637     0.9861   0.004599     0.8092   0.001885 10000   32 1024
  5   0.3360     0.9791   0.006865     0.8065    0.00281 10000   32 1024
  5   0.4281     0.9689    0.01009     0.8024   0.004093 10000   32 1024
  5   0.5456     0.9538    0.01494     0.7964   0.006092 10000   32 1024
  5   0.6952     0.9314    0.02168     0.7875   0.009124 10000   32 1024
  5   0.8859     0.8996     0.0315     0.7744    0.01356 10000   32 1024
  5   1.1288      0.854    0.04441     0.7554    0.01909 10000   32 1024
  5   1.4384     0.7909    0.05967      0.727    0.02781 10000   32 1024
  5   1.8330     0.7042     0.0798      0.687    0.03888 10000   32 1024
  5   2.3357     0.5965    0.09782     0.6332    0.05348 10000   32 1024
  5   2.9764     0.4632     0.1129     0.5577    0.06963 10000   32 1024
  5   3.7927     0.3226     0.1133     0.4654    0.08606 10000   32 1024
  5   4.8329     0.1918    0.09805      0.356    0.09585 10000   32 1024
  5   6.1585    0.09307    0.06676      0.241    0.09408 10000   32 1024
  5   7.8476    0.03759     0.0367     0.1361     0.0772 10000   32 1024
  5  10.0000    0.01413    0.01582    0.06555      0.052 10000   32 1024
  9   0.1000     0.9983  0.0004502      0.814  0.0001886 10000   32 1024
  9   0.1274     0.9974  0.0006723     0.8137  0.0002789 10000   32 1024
  9   0.1624     0.9961   0.001021     0.8131   0.000425 10000   32 1024
  9   0.2069     0.9942   0.001515     0.8124  0.0006167 10000   32 1024
  9   0.2637     0.9914    0.00227     0.8113   0.000927 10000   32 1024
  9   0.3360     0.9872   0.003349     0.8096    0.00139 10000   32 1024
  9   0.4281     0.9809   0.004997      0.807   0.002099 10000   32 1024
  9   0.5456     0.9714   0.007353     0.8032   0.003096 10000   32 1024
  9   0.6952     0.9576    0.01082     0.7976   0.004619 10000   32 1024
  9   0.8859     0.9369    0.01621     0.7891   0.006824 10000   32 1024
  9   1.1288     0.9072    0.02336     0.7768    0.01003 10000   32 1024
  9   1.4384     0.8644     0.0326     0.7582    0.01479 10000   32 1024
  9   1.8330     0.8045    0.04541     0.7323    0.02116 10000   32 1024
  9   2.3357     0.7224    0.06113      0.694     0.0301 10000   32 1024
  9   2.9764     0.6158     0.0774     0.6414    0.04102 10000   32 1024
  9   3.7927     0.4875     0.0891     0.5701    0.05412 10000   32 1024
  9   4.8329      0.345    0.09212     0.4788     0.0677 10000   32 1024
  9   6.1585     0.2065    0.08311     0.3692     0.0773 10000   32 1024
  9   7.8476     0.1047    0.06447     0.2518    0.07721 10000   32 1024
  9  10.0000    0.03811     0.0312     0.1456     0.0659 10000   32 1024
 14   0.1000     0.9988  0.0002592     0.8142    0.00011 10000   32 1024
 14   0.1274     0.9982  0.0005085      0.814  0.0001624 10000   32 1024
 14   0.1624     0.9974  0.0005846     0.8136  0.0002491 10000   32 1024
 14   0.2069      0.996  0.0008745     0.8131  0.0003724 10000   32 1024
 14   0.2637      0.994   0.001321     0.8123  0.0005541 10000   32 1024
 14   0.3360     0.9911   0.001974     0.8111  0.0008342 10000   32 1024
 14   0.4281     0.9867   0.002979     0.8093   0.001237 10000   32 1024
 14   0.5456     0.9801   0.004338     0.8066   0.001833 10000   32 1024
 14   0.6952     0.9705    0.00632     0.8027   0.002755 10000   32 1024
 14   0.8859      0.956   0.009508     0.7967   0.004039 10000   32 1024
 14   1.1288     0.9349    0.01377     0.7879   0.006024 10000   32 1024
 14   1.4384     0.9045    0.01987     0.7751   0.008998 10000   32 1024
 14   1.8330     0.8604    0.02848     0.7561     0.0129 10000   32 1024
 14   2.3357      0.798    0.03922     0.7282    0.01872 10000   32 1024
 14   2.9764     0.7144    0.05207     0.6894    0.02627 10000   32 1024
 14   3.7927     0.6065    0.06548     0.6348    0.03586 10000   32 1024
 14   4.8329     0.4729    0.07671     0.5602    0.04834 10000   32 1024
 14   6.1585     0.3358     0.1092     0.4655    0.05881 10000   32 1024
 14   7.8476     0.1921    0.06872     0.3547    0.06623 10000   32 1024
 14  10.0000     0.0905    0.04765     0.2372    0.06592 10000   32 1024
 20   0.1000     0.9991  0.0001655     0.8144  7.054e-05 10000   32 1024
 20   0.1274     0.9987  0.0002506     0.8141  0.0001065 10000   32 1024
 20   0.1624      0.998  0.0003722     0.8139    0.00016 10000   32 1024
 20   0.2069     0.9971  0.0005546     0.8135  0.0002375 10000   32 1024
 20   0.2637     0.9956   0.001195     0.8129  0.0003598 10000   32 1024
 20   0.3360     0.9935   0.001411      0.812  0.0005413 10000   32 1024
 20   0.4281     0.9902   0.001866     0.8107  0.0008076 10000   32 1024
 20   0.5456     0.9854   0.004235     0.8087   0.001187 10000   32 1024
 20   0.6952     0.9782   0.004073     0.8057   0.001816 10000   32 1024
 20   0.8859     0.9674   0.006124     0.8013    0.00263 10000   32 1024
 20   1.1288     0.9514     0.0091     0.7947   0.004012 10000   32 1024
 20   1.4384     0.9282    0.01332     0.7849   0.005863 10000   32 1024
 20   1.8330     0.8949    0.02747     0.7705   0.008525 10000   32 1024
 20   2.3357     0.8468    0.02679     0.7495    0.01254 10000   32 1024
 20   2.9764     0.7787    0.03675     0.7187    0.01799 10000   32 1024
 20   3.7927     0.6889    0.04832     0.6756     0.0252 10000   32 1024
 20   4.8329     0.5722    0.06008     0.6153    0.03401 10000   32 1024
 20   6.1585     0.4366    0.06827     0.5368    0.04502 10000   32 1024
 20   7.8476     0.2917    0.06763     0.4373    0.05342 10000   32 1024
 20  10.0000       0.16    0.05549     0.3214    0.05903 10000   32 1024
